[GERAL]
valor_entrada = 5
timeframe = 1
 
martingale = N
sorosgale = s
niveis = 2
fator = 1.2

stop_loss = 100
stop_win = 1000

valor_minimo = 2
filtro_pais = todos
filtro_top_traders = 0
filtro_diferenca_sinal = 10
seguir_ids = 36022015,15021729,46322897,27594773,20740221,20735662,41523507,15165468,41838060,27729814,27492503,27393771,25540119,20904649,16156425,38352724,18242238,25519225,2089721,15944661,41066849,58222336,36819508,25288881,16858953,10441490,22918514,9921001,12816699,2790134,11705311,25288881,22577941,22519225,30849596,14727909,27115240,38207242,41324353,15944661,38023494,42147231,34843015,33075105,24528549,38457309,18995814,34817583,31308320,8330663,39589119,36027032,4598345,14766021,34140208,21472112,32360329,40718291,13367073,30533402,22043474,28175564,42169386,40160557,35956698,40900314,42456231,30522397,39697886,26241699,13999591,12770572,37348366,38003489,40900314,41133395,41765590,18995814,27028273,64425420,36022015,15021729,46322897,27594773,20740221,20735662,41523507,15165468,41838060,27729814,27492503,27393771,25540119,20904649,16156425,38352724,18242238,25519225,2089721,15944661,41066849,58222336,36819508,25288881,16858953,10441490,22918514,9921001,12816699,2790134,11705311,25288881,22577941,22519225,30849596,14727909,27115240,38207242,41324353,15944661,38023494,42147231,34843015,33075105,24528549,38457309,18995814,34817583,31308320,8330663,39589119,36027032,4598345,14766021,34140208,21472112,32360329,40718291,13367073,30533402,22043474,28175564,42169386,40160557,35956698,40900314,42456231,30522397,39697886,26241699,13999591,12770572,37348366,38003489,40900314,41133395,41765590,18995814,27028273,64425420,43691103,64469546,10576303,37728310,58507269,49736201,29733311,39688204,52963165,69515265,49039399,59785191,66297368,49896345,58772756,13899683,68426852,10141403,49037036,56562258,57530096,60899198,58111098,69814552,34909052,16269060,53431126,66786445,57844615,49576396,66418325,58256424,16976494,45808482,66907120,70190523,43950570,45748114,67723970,17341235,45316621,60772871,60501734,22756290,3697879,41523207,15826396,64520492,62634658,6367773,55121935,61334141,19809027,55547714,64662366,13745373,45157085,38923962,2047545,38776882,69275150,59090953,69212053,15717482,24999854,49725501,13205066,62453060,43124555,22756290,52744315,45316621,52279966,61571520,66777724,61944962,69947693,35683480,40619332,57697337,44707398,33807099,43124555,69651963,69549710,62774481,69367193,57654997,62554846,57558157,28963078,4991860,65320460,57809611,69369693,57999717,66806934,40720274,66558544,58327191,32142331,61241539,58000861,55114591,13954184,64308616,57751525,70056474,70691207,13893128,42640246,61961016,20740221,42624866,50638282,67547036,13745373,24429784,24429784,16859084,64753584,42640246,43750733,58546241,65424206,50966403,33847032,27135314,53805566,66153007,64425420,58077769,61823395,56538395,52749534,13600742,66574691,65485434,44269014,65392268,48945443,49488899,58280058,53665164,61115621,59909268,50971480,69210271,62488964,66182562,21918104,67020445,44880421,58719997,61830956,67445400,39729284,67555932,50453269,63782325,64363445,43831945,58063296,56632543,61876954,69276374,67719601,55040232,63003917,58238619,43432720,68727117,65401194,70528083,45724029,54591804,50353411,27179771,30522397,69660546,51991299,69276374,30849596,71368377,43212766,45524521,48724247,69864746,44880421,70628481,15021729,70405952,68709304,52568624,60028910,27707967,24274553,21877814,15719502,62416717,27637679,2089721,51018298,67623329,65742922,69243567,69300605,46720499,67623329,68776020,69792309,65742922,70245696,46021313,40931748,67327703,32615590,40880390,43131885,54436664,63102404,70242658,70637111,55392714,54940513,69243567,9466815,18844523,63661151,67771586,32614916,55719835,62650787,35318591,60803844,39124247,20680972,44348962,47059314,49545213,52027301,54407482,66858353,67607521,67703689,67958728,13745373,47715683,14633640,38434063,41134483,52929118,45598142,25673218,36052213,10720391,46720499,35364016,13745373,21449643,36052213,20495263,29472846,54298333,49085885,54221696,41134483,18879305,19606797,69243567,3905687,70190523,69300605,53339066,64452763,54950968,46100765,56661750,54191737,38959154,14307567,1194847669982689,66936882,62992913,19197191,36422559,37209212,64923831,14426627,64507385,69714734,45482041,61251230,60738357,46206775,70448813,69973780,41239967,53030873,43124555,57789937,70117264,58318843,68686225,67071053,60670794,50735510,56145389